0	0.2357	0.2218	0.3688	0.3421	0.2347
0.2357	0	0.1483	0.2042	0.1388	0.254
0.2218	0.1483	0	0.1513	0.2843	0.11
0.3688	0.2042	0.1513	0	0.2932	0.2216
0.3421	0.1388	0.2843	0.2932	0	0.3921
0.2347	0.254	0.11	0.2216	0.3921	0
